5546824
5547556
5547540
5547764
5548488
5548484
5548892
5549360
5549552
5549796
5550268
5551000
5551504
5544276
5544480
5545976
5547964
5548192
5548436
5548416
5549676
5550148
5550136
5550112
5550344
5551088
5551320
5551332
5551552
5551796
5551764
5552264
5552232
5552220
5552200
5552452
5552632
5552632
5552852
5552840
5553072
5553324
5553308
5553532
5554012
5554256
5554228
5554692
5554924
5555172
5555404
5555628
5555616
5556324
5558564
5558812
5559052
5559520
5559772
5561784
5562028
5562116
5562348
5562580
5562820
5563036
5563268
5563656
5564144
5564124
5564112
5564104
5564580
5565028
5565028
5565252
5565240
5565220
5565212
5565188
5565188
5565396
5565396
5565868
5565860
5567068
5567304
5567788
5567776
5567992
5568244
5568216
5568460
5569164
5569156
5569632
5570092
5570336
5570564
5570564
5570784
5571028
5573436
5573924
5573892
5574152
5574120
5574108
5573844
5573592
5573552
5573800
5573756
5574008
5564708
5565436
5566148
5566616
5566812
5566808
5568392
5568636
5569116
5569104
5569604
5570096
5570568
5571288
5571488
5572452
5574016
5574480
5574208
5574688
5574912
5575160
5575880
5576272
5577208
5577700
5577936
5578156
5578388
5578416
5578656
5578888
5578856
5579748
5572052
5572280
5573592
5573792
5573776
5573988
5573988
5574440
5574424
5574688
5574928
5575140
5575644
5575620
5575852
5576120
5576356
5576592
5576584
5576808
5576788
5577016
5578032
5578000
5578472
5583496
5585736
5585724
5586940
5587176
5587656
5587896
