5367528
5367516
5367756
5367940
5368432
5368888
5376920
5377664
5377900
5377880
5378384
5378356
5378400
5378576
5378564
5378544
5379032
5383416
5381840
5381832
5381564
5381564
5381532
5381524
5381496
5381732
5381772
5381712
5381684
5381644
5381620
5381612
5381840
5382372
5382040
5382032
5382000
5382252
5382532
5382224
5382192
5382188
5382160
5382404
5382636
5382340
5382320
5382320
5382540
5382528
5383072
5373020
5373000
5373244
5373224
5373464
5373800
5373788
5373520
5373508
5377580
5377832
5375424
5375660
5382052
5382772
5384840
5384840
5385060
5385048
5385280
5384880
5384748
5387024
5387012
5386992
5387736
5387724
5387700
5386680
5386912
5386652
5379544
5380000
5380000
5379972
5380244
5380956
5380960
5381640
5382136
5386464
5386716
5387436
5388928
5389420
5389672
5393984
5386496
5384112
5377332
5377284
5377280
5379804
5377768
5378016
5377996
5377956
5378436
5378436
5378432
5378652
5379144
5378888
5379116
5379864
5379324
5379324
5379320
5379256
5379732
5379756
5379480
5379696
5379932
5380172
5381436
5381432
5381908
5382148
5382168
5382668
5375124
5375664
5376388
5376624
5376604
5377324
5377556
5377552
5378028
5378252
5378220
5378696
5378164
5378404
5378384
5378384
5378860
5375900
5375628
5376096
5376340
5376564
5376800
5377296
5377284
5377512
5377500
5377736
5377956
5377948
5378200
5378664
5378656
5378644
5378876
5379124
5379116
5379092
5379332
5379556
5379536
5379780
5379772
5380004
5379988
5380216
5380704
5380944
