5370156
5375180
5375172
5375612
5375832
5376020
5376432
5377364
5377600
5377508
5377704
5377688
5378128
5379532
5380280
5380660
5380840
5381052
5373852
5374036
5378260
5379948
5380172
5384892
5385340
5386256
5382084
5392160
5392576
5394104
5394512
5402864
5381184
5382800
5383432
5384904
5378732
5379216
5379892
5380124
5385824
5385804
5386772
5386972
5387408
5388096
5388776
5389820
5378804
5379512
5377600
5378812
5380948
5382160
5382432
5382868
5383516
5383720
5384172
5384416
5385476
5385940
5377388
5378792
5376856
5378528
5379924
5380632
5381992
5382984
5399296
5400132
5400296
5393464
5394556
5395224
5376552
5378468
5375844
5378500
5388384
5389560
5390728
5390712
5391360
5391600
5392320
5392992
5394168
5394876
5395300
5382964
5384116
5381280
5383160
5383860
5385440
5385916
5387524
5388724
5389396
5389892
5390120
5391272
5392388
5380104
5382360
5380160
5381072
5381528
5382472
5382940
5385316
5385500
5386656
5387584
5388468
5389192
5389384
5378900
5381092
5379436
5381888
5383056
5384160
5385896
5386548
5387716
5388880
5389572
5389996
5391128
5391824
5392520
5381848
5383532
5381956
5382624
5384212
5384616
5393040
5393960
5394616
5395508
5396912
5398444
5399612
5400764
5382032
5383864
5381504
5383408
5384744
5385720
5387112
5388464
5389372
5389596
5390492
5390944
5391872
5392344
5381900
5382332
5381052
5383376
5384780
5385248
5386448
5386924
5387564
5388000
5388904
5389576
5390484
5390484
5392132
5381528
5383900
5381656
