2257040
2257024
2257012
2257012
2256972
2256968
2256932
2256932
2256900
2256888
2257624
2257604
2257560
2257548
2257776
2257760
2258012
2258204
2258180
2258156
2258156
2258124
2258124
2258080
2258080
2258284
2258284
2258468
2258468
2258432
2258432
2258652
2259404
2259380
2259380
2259332
2259332
2259296
2259296
2259264
2259504
2259728
2259728
2259696
2259692
2259664
2259664
2259880
2259880
2263932
2264156
2264124
2264124
2264124
2264084
2264032
2264024
2264024
2264488
2264476
2264456
2264456
2264428
2264428
2264636
2264888
2264856
2264856
2264820
2265032
2265012
2265008
2264960
2265212
2265180
2265176
2265400
2265624
2265576
2265568
2265540
2265532
2265500
2265500
2265464
2265464
2265420
2265420
2265384
2265636
2265604
2265604
2265780
2265772
2266016
2266000
2265968
2265968
2265936
2265920
2272272
2272188
2268888
2269140
2268684
2268588
2272756
2272596
2272596
2272564
2272560
2272280
2272280
2271996
2271996
2268676
2268676
2272432
2272668
2272364
2272364
2272340
2272340
2269016
2269008
2269216
2269212
2271960
2271952
2271912
2272160
2268860
2268852
2268828
2265144
2269416
2269404
2269372
2269360
2272716
2272716
2265264
2265484
2269536
2269528
2272844
2273092
2269348
2269344
2273668
2274100
2274524
2274384
2274384
2276360
2272392
2272844
2272844
2272744
2272744
2281444
2274632
2284180
2284164
2284688
2278156
2278108
2278108
2282420
2282412
2282640
2282628
2282608
2282596
2282848
2282848
2282820
2282820
2283288
2276636
