2066072
2066540
2066520
2066512
2066744
2066960
2066928
2066928
2067156
2067156
2067120
2067108
2067084
2067280
2067504
2067504
2067472
2067472
2067444
2067444
2067416
2067416
2067372
2067372
2067344
2067596
2067572
2067572
2067784
2067784
2067756
2067756
2067956
2068208
2068176
2068176
2068140
2068868
2069120
2069104
2069080
2069072
2069064
2069032
2069028
2069000
2068984
2069220
2069220
2069192
2069444
2069408
2069408
2069380
2069380
2069352
2069348
2069312
2069564
2069532
2069532
2069508
2069732
2069700
2069700
2069660
2069652
2069632
2069632
2070104
2070104
2071332
2071316
2071292
2071284
2071248
2071244
2071216
2071216
2071188
2071432
2071412
2071400
2071368
2071368
2071364
2071340
2071564
2071524
2071524
2071496
2071740
2071720
2071720
2071676
2071668
2071648
2072364
2072336
2072332
2072312
2072304
2072272
2072272
2072244
2072232
2098032
2098268
2098468
2098468
2102796
2102788
2102768
2102768
2102988
2103232
2103200
2103192
2103400
2103400
2103368
2103620
2103596
2103596
2103556
2103556
2103528
2103528
2103748
2103748
2103732
2103708
2103708
2103680
2103668
2103648
2103648
2103620
2103608
2103572
2103572
2103796
2103792
2103984
2103984
2103944
2103940
2103912
2104136
2104108
2104108
2104076
2104076
2104040
2104040
2104008
2104260
2104212
2104212
2104168
2104168
2103396
2103620
2103416
2103412
2100324
2100320
2100288
2100288
2100264
2100264
2104020
2104020
2103820
2103980
2100744
2096936
2096936
2096820
2096816
