2262708
2263036
2263276
2263248
2263248
2263204
2263204
2263172
2263156
2263136
2263136
2263576
2263576
2263532
2263532
2263976
2263976
2263940
2263940
2263900
2263896
2263868
2263868
2263824
2263824
2263792
2263780
2263756
2263748
2263708
2263708
2264184
2264148
2264124
2264124
2264084
2264084
2264304
2264304
2264304
2264268
2264260
2264704
2264688
2264672
2264656
2264632
2264620
2264596
2264596
2264556
2264556
2264520
2264520
2264740
2264728
2264684
2264684
2264652
2264644
2264620
2264620
2264588
2264828
2264796
2264784
2264980
2264972
2230824
2231272
2231464
2231712
2231680
2231680
2231644
2231636
2231612
2231604
2235664
2235664
2235660
2235628
2235860
2235848
2235848
2235812
2235812
2235768
2235768
2235732
2235964
2236444
2236444
2236660
2236660
2236624
2236624
2236596
2236592
2236552
2236552
2236512
2236512
2236480
2236480
2236452
2236452
2236632
2236884
2236856
2237068
2237048
2237048
2237012
2237004
2236964
2236964
2236932
2236928
2236896
2236896
2236852
2236852
2236816
2236816
2237032
2237260
2237796
2237732
2241456
2241720
2241716
2240320
2240572
2247840
2247832
2250836
2250584
2251020
2251020
2250728
2250724
2243360
2243572
2247076
2247076
2251072
2251072
2250788
2250752
2243988
2244216
2247204
2243676
2243636
2243888
2243664
2243900
2247148
2243384
2250664
2250664
2247836
2247820
2247552
2247552
2250724
2250724
2243668
2243664
2247724
2247716
2247956
2247936
2247936
2248220
2248216
2248752
2241404
2241332
